1	0.002	0.002	0.003	0.002	0.003	0.003	0.003	0.003
2	0.002	0.003	0.002	0.003	0.005	0.012	0.007	0.027
3	0.001	0.002	0.002	0.005	0.003	0.003	0.003	0.003
4	0.001	0.002	0.002	0.004	0.003	0.004	0.004	0.017
5	0.001	0.002	0.002	0.012	0.002	0.014	0.002	0.002
6	0.003	0.002	0.002	0.004	0.003	0.003	0.003	0.003
7	0.011	0.007	0.003	0.002	0.003	0.005	0.006	0.013
8	0.004	0.004	0.002	0.003	0.003	0.004	0.003	0.002
9	0.017	0.015	0.002	0.002	0.007	0.002	0.009	0.011
10	0.002	0.002	0.003	0.003	0.005	0.004	0.003	0.002
11	0.002	0.003	0.004	0.004	0.003	0.005	0.007	0.008
12	0.001	0.002	0.007	0.002	0.002	0.006	0.002	0.002
13	0.004	0.004	0.003	0.005	0.005	0.007	0.003	0.001
14	0.017	0.017	0.002	0.006	0.002	0.002	0.003	0.005
15	0.002	0.003	0.012	0.002	0.004	0.002	0.002	0.001
16	0.002	0.103	0.106	0.116	0.134	0.039	0.217	0.012
17	0.002	0.023	0.050	0.019	0.072	0.095	0.107	0.008
18	0.001	0.148	0.203	0.139	0.074	0.023	0.021	0.003
19	0.001	0.007	0.012	0.006	0.005	0.003	0.002	0.003
20	0.003	0.084	0.064	0.019	0.050	0.030	0.853	0.007
21	0.006	0.152	0.073	0.713	1.000	0.021	0.035	0.011
22	0.008	0.009	0.005	0.005	0.009	0.007	0.005	0.005
23	0.003	0.027	0.028	0.015	0.027	0.022	0.017	0.002
24	0.002	0.003	0.004	0.005	0.003	0.002	0.002	0.003
25	0.012	0.005	0.004	0.003	0.004	0.002	0.002	0.002
26	0.003	0.030	0.036	0.037	0.036	0.039	0.104	0.006
27	0.003	0.856	0.113	0.179	0.089	0.015	0.016	0.003
28	0.001	0.007	0.005	0.007	0.004	0.002	0.002	0.002
29	0.008	0.028	0.025	0.018	0.026	0.048	0.025	0.003
30	0.010	0.010	0.005	0.003	0.003	0.004	0.003	0.005
31	0.002	0.005	0.004	0.004	0.004	0.003	0.002	0.002
32	0.006	0.033	0.041	0.024	0.025	0.017	0.014	0.002
33	0.002	0.004	0.004	0.003	0.004	0.002	0.002	0.003
34	0.006	0.006	0.006	0.005	0.004	0.002	0.002	0.002
35	0.003	0.004	0.004	0.003	0.004	0.004	0.001	0.003